##TITLE= G4
##JCAMP-DX= 5.00 Bruker JCAMP library
##DATA TYPE= Shape Data
##ORIGIN= Bruker BioSpin GmbH
##OWNER= <demo>
##DATE= 2005/09/22
##TIME= 17:39:40
##$SHAPE_PARAMETERS= Type: GaussCascadeG4
##MINX= 2.236951E00
##MAXX= 9.793318E01
##MINY= 0.000000E00
##MAXY= 1.800000E02
##$SHAPE_EXMODE= Excitation
##$SHAPE_TOTROT= 9.000000E01
##$SHAPE_TYPE= Excitation
##$SHAPE_USER_DEF= 
##$SHAPE_REPHFAC= 
##$SHAPE_BWFAC= 7.834000E00
##$SHAPE_BWFAC50= 
##$SHAPE_INTEGFAC= 5.356935E-02
##$SHAPE_MODE= 0
##NPOINTS= 256
##XYPOINTS= (XY..XY)
3.579653E00, 0.000000E00
4.069141E00, 0.000000E00
4.612352E00, 0.000000E00
5.213148E00, 0.000000E00
5.875374E00, 0.000000E00
6.602810E00, 0.000000E00
7.399119E00, 0.000000E00
8.267784E00, 0.000000E00
9.212046E00, 0.000000E00
1.023484E01, 0.000000E00
1.133871E01, 0.000000E00
1.252577E01, 0.000000E00
1.379758E01, 0.000000E00
1.515511E01, 0.000000E00
1.659868E01, 0.000000E00
1.812782E01, 0.000000E00
1.974129E01, 0.000000E00
2.143698E01, 0.000000E00
2.321183E01, 0.000000E00
2.506184E01, 0.000000E00
2.698203E01, 0.000000E00
2.896637E01, 0.000000E00
3.100783E01, 0.000000E00
3.309836E01, 0.000000E00
3.522894E01, 0.000000E00
3.738958E01, 0.000000E00
3.956940E01, 0.000000E00
4.175670E01, 0.000000E00
4.393906E01, 0.000000E00
4.610343E01, 0.000000E00
4.823626E01, 0.000000E00
5.032362E01, 0.000000E00
5.235137E01, 0.000000E00
5.430528E01, 0.000000E00
5.617123E01, 0.000000E00
5.793536E01, 0.000000E00
5.958424E01, 0.000000E00
6.110502E01, 0.000000E00
6.248566E01, 0.000000E00
6.371500E01, 0.000000E00
6.478297E01, 0.000000E00
6.568072E01, 0.000000E00
6.640074E01, 0.000000E00
6.693692E01, 0.000000E00
6.728472E01, 0.000000E00
6.744117E01, 0.000000E00
6.740491E01, 0.000000E00
6.717628E01, 0.000000E00
6.675722E01, 0.000000E00
6.615130E01, 0.000000E00
6.536368E01, 0.000000E00
6.440098E01, 0.000000E00
6.327125E01, 0.000000E00
6.198382E01, 0.000000E00
6.054917E01, 0.000000E00
5.897883E01, 0.000000E00
5.728517E01, 0.000000E00
5.548128E01, 0.000000E00
5.358079E01, 0.000000E00
5.159771E01, 0.000000E00
4.954624E01, 0.000000E00
4.744062E01, 0.000000E00
4.529498E01, 0.000000E00
4.312319E01, 0.000000E00
4.093870E01, 0.000000E00
3.875445E01, 0.000000E00
3.658275E01, 0.000000E00
3.443516E01, 0.000000E00
3.232246E01, 0.000000E00
3.025457E01, 0.000000E00
2.824053E01, 0.000000E00
2.628846E01, 0.000000E00
2.440559E01, 0.000000E00
2.259825E01, 0.000000E00
2.087195E01, 0.000000E00
1.923140E01, 0.000000E00
1.768059E01, 0.000000E00
1.622289E01, 0.000000E00
1.486113E01, 0.000000E00
1.359772E01, 0.000000E00
1.243475E01, 0.000000E00
1.137413E01, 0.000000E00
1.041770E01, 0.000000E00
9.567376E00, 0.000000E00
8.825225E00, 0.000000E00
8.193623E00, 0.000000E00
7.675335E00, 0.000000E00
7.273606E00, 0.000000E00
6.992228E00, 0.000000E00
6.835585E00, 0.000000E00
6.808671E00, 0.000000E00
6.917078E00, 0.000000E00
7.166946E00, 0.000000E00
7.564875E00, 0.000000E00
8.117809E00, 0.000000E00
8.832860E00, 0.000000E00
9.717107E00, 0.000000E00
1.077735E01, 0.000000E00
1.201983E01, 0.000000E00
1.344990E01, 0.000000E00
1.507171E01, 0.000000E00
1.688782E01, 0.000000E00
1.889887E01, 0.000000E00
2.110318E01, 0.000000E00
2.349645E01, 0.000000E00
2.607141E01, 0.000000E00
2.881756E01, 0.000000E00
3.172098E01, 0.000000E00
3.476415E01, 0.000000E00
3.792595E01, 0.000000E00
4.118165E01, 0.000000E00
4.450306E01, 0.000000E00
4.785880E01, 0.000000E00
5.121461E01, 0.000000E00
5.453385E01, 0.000000E00
5.777800E01, 0.000000E00
6.090730E01, 0.000000E00
6.388147E01, 0.000000E00
6.666042E01, 0.000000E00
6.920504E01, 0.000000E00
7.147795E01, 0.000000E00
7.344428E01, 0.000000E00
7.507228E01, 0.000000E00
7.633403E01, 0.000000E00
7.720589E01, 0.000000E00
7.766892E01, 0.000000E00
7.770916E01, 0.000000E00
7.731771E01, 0.000000E00
7.649076E01, 0.000000E00
7.522937E01, 0.000000E00
7.353920E01, 0.000000E00
7.143006E01, 0.000000E00
6.891539E01, 0.000000E00
6.601167E01, 0.000000E00
6.273775E01, 0.000000E00
5.911418E01, 0.000000E00
5.516258E01, 0.000000E00
5.090504E01, 0.000000E00
4.636359E01, 0.000000E00
4.155978E01, 0.000000E00
3.651444E01, 0.000000E00
3.124748E01, 0.000000E00
2.577795E01, 0.000000E00
2.012417E01, 0.000000E00
1.430404E01, 0.000000E00
8.335484E00, 0.000000E00
2.236951E00, 0.000000E00
3.971973E00, 1.800000E02
1.026995E01, 1.800000E02
1.663327E01, 1.800000E02
2.303530E01, 1.800000E02
2.944600E01, 1.800000E02
3.583163E01, 1.800000E02
4.215455E01, 1.800000E02
4.837328E01, 1.800000E02
5.444277E01, 1.800000E02
6.031487E01, 1.800000E02
6.593901E01, 1.800000E02
7.126314E01, 1.800000E02
7.623482E01, 1.800000E02
8.080244E01, 1.800000E02
8.491655E01, 1.800000E02
8.853127E01, 1.800000E02
9.160561E01, 1.800000E02
9.410483E01, 1.800000E02
9.600155E01, 1.800000E02
9.727679E01, 1.800000E02
9.792073E01, 1.800000E02
9.793318E01, 1.800000E02
9.732386E01, 1.800000E02
9.611228E01, 1.800000E02
9.432741E01, 1.800000E02
9.200698E01, 1.800000E02
8.919657E01, 1.800000E02
8.594853E01, 1.800000E02
8.232061E01, 1.800000E02
7.837459E01, 1.800000E02
7.417474E01, 1.800000E02
6.978634E01, 1.800000E02
6.527421E01, 1.800000E02
6.070136E01, 1.800000E02
5.612773E01, 1.800000E02
5.160914E01, 1.800000E02
4.719641E01, 1.800000E02
4.293476E01, 1.800000E02
3.886327E01, 1.800000E02
3.501475E01, 1.800000E02
3.141566E01, 1.800000E02
2.808627E01, 1.800000E02
2.504099E01, 1.800000E02
2.228877E01, 1.800000E02
1.983368E01, 1.800000E02
1.767545E01, 1.800000E02
1.581016E01, 1.800000E02
1.423081E01, 1.800000E02
1.292800E01, 1.800000E02
1.189047E01, 1.800000E02
1.110560E01, 1.800000E02
1.055992E01, 1.800000E02
1.023940E01, 1.800000E02
1.012984E01, 1.800000E02
1.021697E01, 1.800000E02
1.048671E01, 1.800000E02
1.092516E01, 1.800000E02
1.151865E01, 1.800000E02
1.225369E01, 1.800000E02
1.311696E01, 1.800000E02
1.409514E01, 1.800000E02
1.517488E01, 1.800000E02
1.634267E01, 1.800000E02
1.758476E01, 1.800000E02
1.888709E01, 1.800000E02
2.023522E01, 1.800000E02
2.161436E01, 1.800000E02
2.300934E01, 1.800000E02
2.440472E01, 1.800000E02
2.578481E01, 1.800000E02
2.713387E01, 1.800000E02
2.843620E01, 1.800000E02
2.967638E01, 1.800000E02
3.083943E01, 1.800000E02
3.191105E01, 1.800000E02
3.287782E01, 1.800000E02
3.372747E01, 1.800000E02
3.444905E01, 1.800000E02
3.503314E01, 1.800000E02
3.547205E01, 1.800000E02
3.575994E01, 1.800000E02
3.589292E01, 1.800000E02
3.586919E01, 1.800000E02
3.568898E01, 1.800000E02
3.535461E01, 1.800000E02
3.487039E01, 1.800000E02
3.424257E01, 1.800000E02
3.347915E01, 1.800000E02
3.258973E01, 1.800000E02
3.158534E01, 1.800000E02
3.047814E01, 1.800000E02
2.928124E01, 1.800000E02
2.800843E01, 1.800000E02
2.667388E01, 1.800000E02
2.529191E01, 1.800000E02
2.387676E01, 1.800000E02
2.244228E01, 1.800000E02
2.100182E01, 1.800000E02
1.956793E01, 1.800000E02
1.815227E01, 1.800000E02
1.676544E01, 1.800000E02
1.541690E01, 1.800000E02
1.411489E01, 1.800000E02
1.286636E01, 1.800000E02
1.167703E01, 1.800000E02
1.055132E01, 1.800000E02
9.492476E00, 1.800000E02
8.502570E00, 1.800000E02
7.582616E00, 1.800000E02
##END
